20
0 6
6 8
14 3
17 8
25 7
32 6
38 4
42 5
47 7
54 10
64 3
67 8
75 8
83 6
89 8
97 8
105 3
108 9
117 7
124 2

3

126
0 5
0 5
4 10
3 10
14 3
4 9
15 3
12 5
1 4
1 4
3 9
12 9
13 8
16 3
4 10
8 9
9 7
0 10
1 9
8 4
18 9
8 9
11 10
14 8
17 7
0 10
2 10
17 9
14 2
15 8
0 9
16 5
12 5
9 5
14 6
9 10
11 6
17 2
14 1
15 10
11 9
9 7
14 5
8 9
8 2
11 9
17 7
2 9
3 4
7 9
3 9
11 8
7 2
18 1
2 7
5 5
5 10
15 1
11 8
6 7
9 10
9 10
10 10
10 10
11 7
9 10
9 10
6 9
8 8
9 8
10 7
5 6
3 10
7 9
15 2
1 5
5 5
18 8
1 9
17 9
15 6
16 1
18 9
18 4
1 8
14 10
15 8
18 8
18 3
0 3
4 2
5 6
6 1
7 5
17 4
13 10
3 8
1 3
4 8
6 10
9 1
12 6
13 8
11 2
19 6
4 5
1 3
12 1
4 9
12 9
14 4
5 2
3 7
7 7
17 8
17 8
19 9
3 9
12 8
13 4
13 8
12 9
8 1
13 3
17 9
15 6
