0.002048
0.002048
0.002048
0.002048
0.011863
0.026585
0.026585
0.036159
0.008575
0.078999
0.078999
0.002048
0.002048
0.002048
0.002048
0.002048
0.002048
0.002048
0.002048
0.002048
0.016720
0.038729
0.038729
0.001060
0.121731
0.078999
0.078999
0.002048
0.002048
0.002048
0.002048
0.002048
0.002048
0.002048
0.002048
0.002048
0.020566
0.048343
0.048212
0.033244
0.013888
0.048888
0.048888
0.002048
0.002048
0.002048
0.002048
0.002048
0.002048
0.002048
0.002048
0.002048
0.017941
0.041780
0.041780
0.041780
0.080019
0.080019
0.080019
0.002048
0.002048
0.002048
0.002048
0.002048
0.002048
0.002048
0.002048
0.002048
0.017941
0.041780
0.041780
0.041780
0.080019
0.080019
0.080019
0.002048
0.002048
0.002048
0.002048
0.002048
0.002048
0.002048
0.002048
0.002048
0.017941
0.041780
0.041780
0.041780
0.080019
0.080019
0.080019
0.002048
0.002048
0.002048
0.002048
0.002048
0.002027
0.002027
0.002027
0.002027
0.002027
0.002027
0.002027
0.002027
0.002027
0.002027
0.002027
0.002027
0.002027
0.002027
0.002027
0.002027
0.002027
0.002027
0.002027
0.002027
0.002027
0.002027
0.002027
0.002027
0.002027
0.002027
0.002027
0.002027
0.002027
0.002027
0.002027
0.002027
0.002027
0.002027
0.002027
0.002027
0.002027
0.002027
0.002027
0.002027
0.002027
0.002027
0.002027
0.002027
0.002027
0.002027
0.002027
0.002027
0.002027
0.002027
0.002027
0.002027
0.002027
0.002027
0.002027
0.002027
0.002027
0.002027
0.002027
0.002027
0.002027
0.002027
0.002027
0.002027
0.002027
0.002027
0.002027
0.002027
0.002027
0.002027
0.002027
0.002027
0.002027
0.002027
0.002027
0.002027
0.002027
0.002027
0.002027
0.002027
0.002027
0.002027
0.002027
0.002027
0.002027
0.002027
0.002027
0.002027
0.002027
0.002027
0.002027
0.002027
0.002027
0.002027
0.002027
0.002027
0.002027
0.002027
0.002027
0.002027
0.002027
0.002027
0.002027
0.002027
0.002027
0.002027
0.002027
0.002027
0.002027
0.002027
0.002027
0.002027
0.002027
0.002027
0.002027
0.002027
0.002027
0.002027
0.002027
0.002027
0.002027
0.002027
0.002027
0.002027
0.002027
0.002027
0.002027
0.002027
0.002027
0.002027
0.002027
0.002027
0.002027
0.002027
0.002027
0.002027
0.002027
0.002027
0.002027
0.002027
0.002027
0.002027
0.002027
0.002027
0.002027
0.002027
0.002027
0.002027
0.002027
0.002027
0.002027
0.002027
0.002027
0.002027
0.002027
0.002027
0.002027
0.002027
0.002027
0.002027
