323.989519
324.224531
324.482698
324.837346
326.123408
327.589204
328.329915
329.457335
330.213525
337.461977
334.929284
326.305458
325.029559
324.561893
324.247805
324.022016
323.987843
324.252628
324.561259
325.027267
327.019801
329.233439
329.183713
330.265280
337.181823
335.465553
332.901514
326.176083
325.096000
324.615810
324.273758
324.031887
323.983888
324.264639
324.607206
325.174908
328.103489
331.365831
331.566846
330.544257
329.972339
331.915732
330.278889
325.996871
325.096036
324.626926
324.278379
324.032152
323.966678
324.249809
324.600868
325.191549
328.103319
331.342470
331.910874
332.606094
334.012714
333.863351
331.701667
325.986064
325.057453
324.599022
324.256835
324.014545
323.931127
324.203668
324.536699
325.071443
327.573994
330.373986
330.975342
332.531169
335.334102
335.188139
332.610570
325.947864
324.967327
324.531915
324.208144
323.977014
323.876828
324.128441
324.423760
324.858561
326.890145
329.182568
329.664990
330.957634
333.371881
333.257415
331.200573
325.582484
324.800500
324.425675
324.133953
323.920553
323.806266
324.030898
324.279122
324.576292
325.013911
325.448012
325.722460
326.005010
326.219149
326.122630
325.664950
324.981840
324.580936
324.289854
324.039124
323.848109
323.727149
323.923244
324.128047
324.342250
324.563129
324.766175
324.925861
325.034394
325.069528
325.002294
324.831201
324.598544
324.364339
324.143862
323.934439
323.767682
323.642446
323.811124
323.980177
324.145659
324.302027
324.438734
324.543922
324.607442
324.619388
324.572960
324.471361
324.329956
324.168098
323.998045
323.825336
323.682585
323.555040
323.698183
323.837664
323.969275
324.088672
324.189518
324.264728
324.307792
324.313662
324.280236
324.210077
324.110381
323.990196
323.856946
323.715865
323.595958
323.466490
323.585866
323.700052
323.805506
323.898987
323.976226
324.032631
324.064116
324.067871
324.043125
323.991645
323.917475
323.825748
323.721180
323.607715
323.509384
323.377089
323.474144
323.566057
323.650016
323.723534
323.783518
323.826810
323.850735
323.853606
323.835123
323.796554
323.740522
323.670405
323.589498
323.500732
323.422943
323.285956
323.361873
323.433858
323.499588
323.556948
323.603508
323.636948
323.655413
323.657824
323.644092
323.615203
323.573092
323.520325
323.459574
323.393290
323.335339
323.190883
323.246853
323.301106
323.351293
323.395311
323.431072
323.456754
323.470999
323.473076
323.463006
323.441609
323.410468
323.371792
323.328166
323.282265
323.243680
323.088519
323.126599
323.165835
323.203139
323.236230
323.263234
323.282675
323.293525
323.295269
323.287974
323.272336
323.249692
323.222039
323.192089
323.163435
323.143245
322.995345
323.021906
323.051431
323.080171
323.105887
323.126947
323.142139
323.150648
323.152085
323.146523
323.134541
323.117262
323.096429
323.074635
323.056048
323.048215
